-0.06608275
-0.06089133
-0.06432887
-0.06830454
-0.07510116
-0.07405102
-0.06565720
-0.07090951
-0.07555645
-0.05878688
-0.06921460
-0.07576442
-0.06798595
-0.06689106
-0.08019136
-0.06780764
-0.06892087
-0.06300263
-0.07559590
-0.07232504
-0.05097986
-0.07244182
-0.07371950
-0.07054046
-0.06891204
-0.06597286
-0.04341701
-0.07908682
-0.07279082
-0.07272799
-0.07608743
-0.07799412
-0.06901520
-0.06863748
-0.07303198
-0.07677978
-0.06242797
-0.08232573
-0.06311137
-0.07350428
-0.07877266
-0.08205992
-0.07407501
-0.07219014
-0.08678527
-0.07493341
-0.05963487
-0.05856306
-0.06120428
-0.06778733
-0.06838994
-0.05890367
-0.08706429
-0.08031514
-0.07492401
-0.06510212
-0.05946281
-0.06485101
-0.06065366
-0.06987949
-0.05864118
-0.06120137
-0.07454702
-0.07751206
0.11298297
0.13497825
0.10621251
0.12810895
0.10252780
0.11146030
0.12302227
0.11922198
0.11722713
0.12055314
0.12323508
0.11610780
0.12456973
0.11429178
0.11215661
0.11773998
0.12053726
0.11518630
0.12465098
0.12445312
0.11938161
0.12275603
0.12363310
0.12513587
0.12117033
0.11427295
0.12564030
0.12943318
0.12171320
0.11518142
0.11857168
0.11903132
0.13233614
0.12354019
0.12478428
0.11415064
0.11237226
0.12946270
0.13007405
0.12171718
0.13529560
0.11975285
0.12656058
0.11891693
0.12109493
0.12229794
0.09933055
0.11792903
0.10948792
0.13016738
0.11708004
0.12641224
0.13222972
0.11028270
0.11930336
0.12618209
0.11579014
0.11450148
0.13722593
0.12565632
0.12688105
0.11660910
0.13600455
0.12643906
-0.12399010
-0.12520769
-0.13959014
-0.12686121
-0.13303608
-0.14135307
-0.13954519
-0.15211558
-0.13487944
-0.12999442
-0.13424340
-0.11983407
-0.12942654
-0.13659966
-0.15725890
-0.13913280
-0.14249910
-0.11649253
-0.12075002
-0.13040268
-0.12407564
-0.11911578
-0.13249342
-0.12610829
-0.13171643
-0.12515290
-0.13215528
-0.13142446
-0.13477406
-0.12994114
-0.13266832
-0.14222130
-0.14131483
-0.13943566
-0.13583869
-0.12176017
-0.12231226
-0.13435179
-0.12910132
-0.14724934
-0.13689917
-0.14390029
-0.12292664
-0.13118570
-0.11938997
-0.12041187
-0.10967793
-0.12276210
-0.13271207
-0.14946371
-0.14081120
-0.13422000
-0.12921041
-0.12806939
-0.12496146
-0.14752859
-0.12502600
-0.12630664
-0.12316871
-0.13352042
-0.13370262
-0.13289225
-0.12735131
-0.12711422
0.02903375
0.00484492
0.01503043
0.00875348
0.02023993
0.01229996
0.00451008
0.00961293
-0.00258073
0.00437584
0.00256408
0.01470389
0.00283185
0.00829384
0.00566260
0.00299747
0.01285629
0.02080728
0.01201106
0.02224706
0.01030857
0.01093184
0.01591453
0.01711383
0.02437581
0.02047426
0.00720812
0.02362514
0.01456935
0.01657366
0.01788259
0.00735367
0.00025535
0.01813876
0.02583133
0.02888896
0.00769176
0.01554345
0.01069894
0.00427827
-0.00725836
0.00794439
0.01234817
0.01527575
0.02559610
0.00746784
0.01559856
0.02440748
0.02622935
0.01749927
0.01493660
0.02246338
0.00237264
0.02364250
0.01301596
0.00856256
0.01919702
0.00413707
0.02169710
0.01175949
0.01561338
0.01858549
0.01211780
0.01767610
0.03704175
0.02954748
0.04801144
0.03382424
0.03927061
0.03617021
0.03601141
0.02428098
0.03022161
0.02302132
0.03985583
0.02892690
0.02851625
0.02478661
0.04396427
0.02703423
0.03369127
0.03598878
0.03963412
0.02866308
0.02187626
0.05330347
0.03036272
0.03321997
0.02586013
0.03258089
0.01997530
0.03002724
0.02858670
0.03862845
0.03489398
0.03264630
0.03011628
0.02607688
0.04352798
0.02260728
0.04043320
0.02605262
0.02449011
0.02562605
0.03201900
0.03872277
0.03624535
0.02722161
0.02587422
0.03984958
0.03519417
0.05039939
0.02999100
0.02381692
0.04452617
0.02700556
0.03748052
0.02880726
0.04010386
0.02743844
0.03667904
0.03809051
0.03178514
0.03495475
0.03041789
0.03032474
0.01969538
0.02934147
-0.10229591
-0.10480042
-0.09742677
-0.10115638
-0.10461922
-0.10163753
-0.09315613
-0.10901493
-0.09645320
-0.09834430
-0.10160871
-0.09827696
-0.11518643
-0.10734299
-0.10650354
-0.10620940
-0.08946092
-0.11370185
-0.09543442
-0.10269278
-0.11022140
-0.11017755
-0.11030586
-0.10872565
-0.09568226
-0.12098829
-0.10459948
-0.09076964
-0.08628044
-0.10968892
-0.11005609
-0.10496347
-0.11101133
-0.10261673
-0.09079176
-0.10888682
-0.10710324
-0.11926449
-0.09260982
-0.11043654
-0.07785445
-0.09046108
-0.09805394
-0.09613502
-0.11233154
-0.09427419
-0.10760069
-0.10529082
-0.09710748
-0.10329284
-0.08596884
-0.09998840
-0.10604473
-0.08920570
-0.09556925
-0.11400428
-0.09574378
-0.09742208
-0.09127812
-0.10558607
-0.10325730
-0.08986960
-0.11746817
-0.10417917
